Owned=0
Owner=The State
Message=Cluckin' Bell
ExtortionBy=No-one
Entrance_X=2398.624023
Entrance_Y=-1899.201416
Entrance_Z=13.546895
Exit_X=365.779296
Exit_Y=-9.169898
Exit_Z=1001.851623
LevelNeeded=5
Price=350000
EntranceCost=0
Till=0
Locked=1
Interior=9
Products=489
MaxProducts=500
ProductPrice=100
VirtualWorld=1
InteriorNr=20
Setted=1
