Owned=0
Owner=The State
Message=24-7
ExtortionBy=No-One
Entrance_X=1833.612426
Entrance_Y=-1842.496826
Entrance_Z=13.578100
Exit_X=-30.929899
Exit_Y=-92.011398
Exit_Z=1003.546875
LevelNeeded=5
Price=365000
EntranceCost=0
Till=0
Locked=0
Interior=18
Products=497
MaxProducts=500
ProductPrice=100
VirtualWorld=10
InteriorNr=12
Setted=1
