Owned=0
Owner=The State
Message=Pig Pen
ExtortionBy=No-One
Entrance_X=2421.499755
Entrance_Y=-1219.243774
Entrance_Z=25.561700
Exit_X=1204.846191
Exit_Y=-13.852100
Exit_Z=1000.921875
LevelNeeded=5
Price=400000
EntranceCost=0
Till=0
Locked=0
Interior=2
Products=499
MaxProducts=500
ProductPrice=100
VirtualWorld=11
InteriorNr=17
Setted=1
