Owned=0
Owner=The State
Message=Alhambra
ExtortionBy=No-One
Entrance_X=1836.406372
Entrance_Y=-1682.440307
Entrance_Z=13.349300
Exit_X=493.439300
Exit_Y=-24.916900
Exit_Z=1000.671875
LevelNeeded=5
Price=400000
EntranceCost=0
Till=0
Locked=0
Interior=17
Products=493
MaxProducts=500
ProductPrice=100
VirtualWorld=13
InteriorNr=18
Setted=1
