Owned=0
Owner=The State
Message=Gym
ExtortionBy=No-one
Entrance_X=2229.901123
Entrance_Y=-1721.258178
Entrance_Z=13.561300
Exit_X=772.359375
Exit_Y=-5.515697
Exit_Z=1000.728576
LevelNeeded=5
Price=400000
EntranceCost=0
Till=0
Locked=1
Interior=5
Products=499
MaxProducts=500
ProductPrice=100
VirtualWorld=14
InteriorNr=15
Setted=1
