Owned=0
Owner=The State
Message=Sex Shop
ExtortionBy=No-one
Entrance_X=1940.486694
Entrance_Y=-2116.039062
Entrance_Z=13.695300
Exit_X=-100.295700
Exit_Y=-24.654399
Exit_Z=1000.718811
LevelNeeded=5
Price=350000
EntranceCost=0
Till=0
Locked=1
Interior=3
Products=499
MaxProducts=500
ProductPrice=100
VirtualWorld=15
InteriorNr=34
Setted=1
