Owned=0
Owner=The State
Message=Binco
ExtortionBy=No-One
Entrance_X=2244.342285
Entrance_Y=-1665.554199
Entrance_Z=15.476593
Exit_X=207.766204
Exit_Y=-111.266296
Exit_Z=1005.132812
LevelNeeded=5
Price=600000
EntranceCost=0
Till=0
Locked=0
Interior=15
Products=482
MaxProducts=500
ProductPrice=100
VirtualWorld=16
InteriorNr=16
Setted=1
