Owned=0
Owner=The State
Message=Ammunation
ExtortionBy=No-One
Entrance_X=1368.255249
Entrance_Y=-1279.927001
Entrance_Z=13.546895
Exit_X=315.762786
Exit_Y=-143.661193
Exit_Z=999.601623
LevelNeeded=5
Price=750000
EntranceCost=0
Till=0
Locked=0
Interior=7
Products=498
MaxProducts=500
ProductPrice=100
VirtualWorld=17
InteriorNr=13
Setted=1
