Owned=0
Owner=The State
Message=Ammunation
ExtortionBy=No-One
Entrance_X=2400.517578
Entrance_Y=-1981.995483
Entrance_Z=13.546895
Exit_X=316.443115
Exit_Y=-169.932998
Exit_Z=999.601013
LevelNeeded=5
Price=600000
EntranceCost=0
Till=0
Locked=0
Interior=6
Products=499
MaxProducts=500
ProductPrice=100
VirtualWorld=18
InteriorNr=14
Setted=1
