Owned=0
Owner=The State
Message=Sex Shop
ExtortionBy=No-One
Entrance_X=1087.593750
Entrance_Y=-923.270019
Entrance_Z=43.390598
Exit_X=-100.295700
Exit_Y=-24.654399
Exit_Z=1000.718811
LevelNeeded=5
Price=400000
EntranceCost=0
Till=0
Locked=0
Interior=3
Products=499
MaxProducts=500
ProductPrice=100
VirtualWorld=19
InteriorNr=34
Setted=1
