Owned=0
Owner=The State
Message=Sex Shop
ExtortionBy=No-One
Entrance_X=953.915283
Entrance_Y=-1335.991577
Entrance_Z=13.538900
Exit_X=-100.295700
Exit_Y=-24.654399
Exit_Z=1000.718811
LevelNeeded=5
Price=450000
EntranceCost=0
Till=0
Locked=0
Interior=3
Products=498
MaxProducts=500
ProductPrice=100
VirtualWorld=20
InteriorNr=34
Setted=1
