Owned=0
Owner=The State
Message=Bar
ExtortionBy=No-One
Entrance_X=364.442413
Entrance_Y=-2051.377685
Entrance_Z=8.015600
Exit_X=501.870788
Exit_Y=-67.582000
Exit_Z=998.757812
LevelNeeded=5
Price=350000
EntranceCost=0
Till=0
Locked=0
Interior=11
Products=499
MaxProducts=500
ProductPrice=100
VirtualWorld=21
InteriorNr=26
Setted=1
