Owned=0
Owner=The State
Message=Disco
ExtortionBy=No-One
Entrance_X=816.050598
Entrance_Y=-1387.092041
Entrance_Z=13.609189
Exit_X=493.439300
Exit_Y=-24.916900
Exit_Z=1000.671875
LevelNeeded=5
Price=350000
EntranceCost=0
Till=0
Locked=0
Interior=17
Products=495
MaxProducts=500
ProductPrice=100
VirtualWorld=22
InteriorNr=18
Setted=1
