Owned=0
Owner=The State
Message=Restaurant
ExtortionBy=No-One
Entrance_X=1498.401855
Entrance_Y=-1581.887329
Entrance_Z=13.549798
Exit_X=460.265411
Exit_Y=-88.611503
Exit_Z=999.554687
LevelNeeded=5
Price=300000
EntranceCost=0
Till=0
Locked=0
Interior=4
Products=494
MaxProducts=500
ProductPrice=100
VirtualWorld=23
InteriorNr=38
Setted=1
