Owned=0
Owner=The State
Message=Restaurant
ExtortionBy=No-One
Entrance_X=1095.607177
Entrance_Y=-1428.652709
Entrance_Z=22.771999
Exit_X=460.265411
Exit_Y=-88.611503
Exit_Z=999.554687
LevelNeeded=5
Price=300000
EntranceCost=0
Till=0
Locked=0
Interior=4
Products=495
MaxProducts=500
ProductPrice=100
VirtualWorld=25
InteriorNr=38
Setted=1
