Owned=0
Owner=The State
Message=ZIP
ExtortionBy=No-One
Entrance_X=1102.610839
Entrance_Y=-1458.148681
Entrance_Z=15.796875
Exit_X=161.410293
Exit_Y=-96.687202
Exit_Z=1001.804687
LevelNeeded=5
Price=400000
EntranceCost=0
Till=0
Locked=0
Interior=18
Products=499
MaxProducts=500
ProductPrice=100
VirtualWorld=26
InteriorNr=36
Setted=1
