Owned=0
Owner=The State
Message=ZIP
ExtortionBy=No-One
Entrance_X=1456.467041
Entrance_Y=-1137.610351
Entrance_Z=23.948299
Exit_X=161.410293
Exit_Y=-96.687202
Exit_Z=1001.804687
LevelNeeded=5
Price=450000
EntranceCost=0
Till=0
Locked=0
Interior=18
Products=499
MaxProducts=500
ProductPrice=100
VirtualWorld=27
InteriorNr=36
Setted=1
