Owned=0
Owner=The State
Message=Victim
ExtortionBy=No-One
Entrance_X=461.007385
Entrance_Y=-1500.966674
Entrance_Z=31.058200
Exit_X=227.342803
Exit_Y=-8.243800
Exit_Z=1002.210876
LevelNeeded=5
Price=500000
EntranceCost=0
Till=0
Locked=0
Interior=5
Products=499
MaxProducts=500
ProductPrice=100
VirtualWorld=28
InteriorNr=37
Setted=1
