Owned=0
Owner=The State
Message=Sub Urban
ExtortionBy=No-One
Entrance_X=2112.902832
Entrance_Y=-1212.543701
Entrance_Z=23.964500
Exit_X=203.895294
Exit_Y=-50.656700
Exit_Z=1001.804687
LevelNeeded=5
Price=400000
EntranceCost=0
Till=0
Locked=0
Interior=1
Products=498
MaxProducts=500
ProductPrice=100
VirtualWorld=29
InteriorNr=35
Setted=1
