Owned=0
Owner=The State
Message=Burger Shot
ExtortionBy=No-one
Entrance_X=1199.247680
Entrance_Y=-918.144714
Entrance_Z=43.123298
Exit_X=366.032409
Exit_Y=-72.639999
Exit_Z=1001.507812
LevelNeeded=5
Price=325000
EntranceCost=0
Till=0
Locked=0
Interior=10
Products=493
MaxProducts=500
ProductPrice=100
VirtualWorld=3
InteriorNr=21
Setted=1
