Owned=0
Owner=The State
Message=Pizza Stack
ExtortionBy=No-one
Entrance_X=2105.485839
Entrance_Y=-1806.472534
Entrance_Z=13.554697
Exit_X=372.411712
Exit_Y=-130.457702
Exit_Z=1001.492187
LevelNeeded=5
Price=300000
EntranceCost=500
Till=0
Locked=1
Interior=5
Products=499
MaxProducts=500
ProductPrice=100
VirtualWorld=4
InteriorNr=22
Setted=1
