Owned=0
Owner=The State
Message=Jim Sticky's
ExtortionBy=No-One
Entrance_X=1038.029785
Entrance_Y=-1339.996704
Entrance_Z=13.736100
Exit_X=377.172393
Exit_Y=-193.304504
Exit_Z=1000.632812
LevelNeeded=5
Price=375000
EntranceCost=0
Till=0
Locked=0
Interior=17
Products=499
MaxProducts=500
ProductPrice=100
VirtualWorld=6
InteriorNr=30
Setted=1
