Owned=0
Owner=The State
Message=24-7
ExtortionBy=No-One
Entrance_X=-2441.974853
Entrance_Y=754.013488
Entrance_Z=35.178600
Exit_X=-25.132600
Exit_Y=-139.067001
Exit_Z=1003.546875
LevelNeeded=5
Price=350000
EntranceCost=0
Till=0
Locked=0
Interior=16
Products=499
MaxProducts=500
ProductPrice=100
VirtualWorld=7
InteriorNr=12
Setted=1
