Owned=0
Owner=The State
Message=24-7
ExtortionBy=No-One
Entrance_X=1000.586120
Entrance_Y=-919.883178
Entrance_Z=42.328098
Exit_X=-28.261899
Exit_Y=-31.767400
Exit_Z=1003.557312
LevelNeeded=5
Price=355000
EntranceCost=0
Till=0
Locked=0
Interior=4
Products=499
MaxProducts=500
ProductPrice=100
VirtualWorld=8
InteriorNr=12
Setted=1
