Owned=0
Owner=The State
Message=24-7
ExtortionBy=No-One
Entrance_X=1352.119384
Entrance_Y=-1759.253417
Entrance_Z=13.507800
Exit_X=-27.391899
Exit_Y=-58.252899
Exit_Z=1003.546875
LevelNeeded=5
Price=360000
EntranceCost=0
Till=0
Locked=0
Interior=6
Products=486
MaxProducts=500
ProductPrice=100
VirtualWorld=9
InteriorNr=12
Setted=1
